200
19506195 -21854781
89961049 74220112
2024232 -43674439
-12288227 23336501
-30477966 25703526
-41470587 35015553
-14252636 13712499
45120635 -1505744
79471291 -99813217
59907931 -29520564
-10116266 -63461413
28066645 29255365
62644483 45004107
-10806674 -60225347
1130128 -38449202
54868407 86503038
87090376 65470590
84357000 -33755343
-48946544 21550347
53294880 -8386163
-50443466 55776419
93409943 -94563977
23111708 59572732
49683978 -15311903
60697590 -7618270
61622976 12400645
-23200624 -38439326
92125668 -58809116
-48341514 -24620317
-78429502 -42719388
20953943 -30427401
-46887638 29274019
75637923 71554800
85997233 -18076666
12335889 -41984702
76510243 53134919
-50468678 86977857
20071990 -84414011
87248710 -7964261
-62132635 -97633239
83592069 36231890
99707201 58273815
32045487 48472201
-74711968 58239188
-82147564 36911606
57872060 -10498898
-61431390 -24107844
41539572 -88847793
-62867544 73927491
-94876738 43573856
-48073308 -66834136
-47849766 33452218
-81248221 -60451440
71689477 -17171960
23808529 57593767
-59810206 -18995207
15055415 64450894
-63327074 53849891
-70770938 91980540
6386894 87101040
55043540 15357706
26452934 26649309
61045890 11033983
69035949 -16987163
16067396 69707397
-95517749 -97938538
39206521 -99510612
44180603 -54731615
-25547661 -87942898
92371990 -8502719
49756546 -3223223
53115302 52368803
79195482 79654777
-66790483 30474609
-81746554 -16894280
75897432 14133965
-91102876 10684264
-96214635 72583088
-54456317 -23621888
-57787858 99533018
22933940 -17325462
-3663185 68466086
86021026 40803841
-71761664 -91446585
33404839 -78615694
-76609516 -6431467
74755843 -64234075
-8886500 17771806
65221761 -74668490
-3323217 36296285
15382645 15309618
-80590776 962011
-79924792 62118260
59449263 98989744
-27918708 63050084
61487807 26468327
51572038 21669009
-81449712 71677455
-9880685 78411764
-89707057 13096058
-94009426 -55028578
99342294 -65799631
-43210882 -20894938
41549246 -27820484
41711165 54659715
-26801426 28899920
20233867 57106528
-90773369 -38937080
-58485105 -56942861
-55625724 53467865
-35500344 -15096418
-9842479 35370677
47625945 -54861854
-13196427 -52455258
-11311739 68962831
-69719177 39480797
-33054092 -68260579
10824099 -78095616
-31863339 -13245564
-79486665 15302456
-20654796 -98761858
41514385 -16231504
94373497 -85241344
-38433728 95009051
-2548699 93284157
-18033090 -82312413
44799813 -88140801
-61733585 61878412
-84885739 90717228
-94363192 36894875
72357430 -89377124
-20072043 -57225854
-35167783 -62668103
86539902 -5472079
7088509 -93164653
-36604366 -67592211
42136911 17775760
48943356 85217814
63502160 -80262639
-17313173 98870957
-16190397 36506529
28861840 25566568
56144341 -25065502
89562125 54552808
-97099556 -41807085
63634947 -96427930
-71306514 -13449805
38559792 -75979293
21888955 -87505383
46321020 56087339
-49164547 -73255824
78379798 -64165524
-79859365 70587776
89432849 73864417
-39736962 -28798450
-97477406 -60692862
7972808 29875190
-84397004 55623826
49919373 95346851
-80456748 -74050254
32003224 2587055
28431430 -48429896
80271281 79014099
-17396820 90656294
76508223 -84633681
74699568 -80103662
-22346930 -7967987
-30159211 -810518
21278907 -20082394
-82734213 -73064166
-23059564 32281319
20832203 15722056
49261529 -64485062
-82464829 19066732
61232368 85571449
2258624 -6421832
51719893 82981161
56607475 -75793165
16057713 -40825755
9064609 27414441
67389524 69005070
-7918219 80353595
39121894 -8656178
38171833 -38710912
76631917 -50772345
-9043704 2150620
-40567163 -45572301
99561985 99209968
-65940774 -67522306
10673680 -45718138
-88698683 -96493764
52109589 -25811366
-98618959 -59115546
66943954 -63790306
53015984 -6701993
-43350270 94003820
-71409199 54704556
3189581 -83000300
-11589212 -38753942
-31227278 -2567603